{
 "cells": [
  {
   "cell_type": "code",
   "execution_count": 122,
   "metadata": {},
   "outputs": [],
   "source": [
    "import torch\n",
    "import torch.nn as nn\n",
    "import torch.optim as optim\n",
    "import numpy as np\n",
    "import matplotlib.pyplot as plt\n",
    "from PIL import Image\n",
    "import os\n",
    "import json\n",
    "from torch.utils.data import Dataset, DataLoader\n",
    "from torchvision import transforms\n",
    "import torch.nn.functional as F"
   ]
  },
  {
   "cell_type": "code",
   "execution_count": 104,
   "metadata": {},
   "outputs": [],
   "source": [
    "class NeRFSynthetic(Dataset):\n",
    "    def __init__(self, data_path: str, split=\"train\", img_size=(800, 800), device=\"cpu\"):\n",
    "        \"\"\"\n",
    "        Args:\n",
    "            data_path (str): Path to the dataset folder (e.g., \"nerf_synthetic/chair\").\n",
    "            split (str): Dataset split to load (\"train\", \"val\", or \"test\").\n",
    "            img_size (tuple): Target size of the images.\n",
    "            device (str): Device to move tensors to (\"mps\", \"cuda\", or \"cpu\").\n",
    "        \"\"\"\n",
    "        super().__init__()\n",
    "        self.data_path = data_path\n",
    "        self.split = split\n",
    "        self.img_size = img_size\n",
    "        self.device = device\n",
    "\n",
    "        # Load JSON metadata for the given split\n",
    "        json_file = os.path.join(data_path, f\"transforms_{split}.json\")\n",
    "        with open(json_file, \"r\") as f:\n",
    "            self.meta = json.load(f)\n",
    "\n",
    "        # Extract file paths and transformation matrices\n",
    "        self.image_paths = [os.path.join(data_path, frame[\"file_path\"][2:] + \".png\") for frame in self.meta[\"frames\"]]\n",
    "        self.transform_matrices = [np.array(frame[\"transform_matrix\"], dtype=np.float32) for frame in self.meta[\"frames\"]]\n",
    "\n",
    "        # Camera intrinsics\n",
    "        self.camera_angle_x = self.meta[\"camera_angle_x\"]\n",
    "        self.focal_length = (0.5 * img_size[0]) / np.tan(0.5 * self.camera_angle_x)  # Focal length in pixels\n",
    "\n",
    "    def __len__(self):\n",
    "        return len(self.image_paths)\n",
    "\n",
    "    def __getitem__(self, idx):\n",
    "        \"\"\"\n",
    "        Returns:\n",
    "            img: Tensor of the image [3, H, W].\n",
    "            transform_matrix: Camera-to-world transformation matrix [4, 4].\n",
    "            focal_length: Focal length (scalar).\n",
    "        \"\"\"\n",
    "        # Load and process the image\n",
    "        img_path = self.image_paths[idx]\n",
    "        img = Image.open(img_path).convert(\"RGB\")\n",
    "        img = img.resize(self.img_size, Image.LANCZOS)\n",
    "        img = np.array(img).astype(np.float32) / 255.0  # Normalize to [0, 1]\n",
    "        img = torch.tensor(img).permute(2, 0, 1).to(self.device)  # Convert to [C, H, W] and move to device\n",
    "\n",
    "        # Get the transformation matrix for the current frame\n",
    "        transform_matrix = torch.tensor(self.transform_matrices[idx], dtype=torch.float32).to(self.device)\n",
    "\n",
    "        # Return the focal length, image, and camera-to-world matrix\n",
    "        focal_length = torch.tensor(self.focal_length, dtype=torch.float32).to(self.device)\n",
    "        return img, transform_matrix, focal_length"
   ]
  },
  {
   "cell_type": "code",
   "execution_count": 105,
   "metadata": {},
   "outputs": [
    {
     "name": "stdout",
     "output_type": "stream",
     "text": [
      "Using device: mps\n"
     ]
    }
   ],
   "source": [
    "if torch.backends.mps.is_available():\n",
    "    device = torch.device('mps')  # Use MPS for Apple Silicon\n",
    "elif torch.cuda.is_available():\n",
    "    device = torch.device('cuda')  # Use CUDA for NVIDIA GPUs\n",
    "else:\n",
    "    device = torch.device('cpu')  # Fallback to CPU\n",
    "\n",
    "print(f\"Using device: {device}\")"
   ]
  },
  {
   "cell_type": "code",
   "execution_count": 106,
   "metadata": {},
   "outputs": [
    {
     "data": {
      "text/plain": [
       "100"
      ]
     },
     "execution_count": 106,
     "metadata": {},
     "output_type": "execute_result"
    }
   ],
   "source": [
    "nerf_chair_train_set = NeRFSynthetic(\"/Users/rickypramanick/Desktop/nerf/nerf_synthetic/chair\", device=device)\n",
    "len(nerf_chair_train_set)"
   ]
  },
  {
   "cell_type": "code",
   "execution_count": 107,
   "metadata": {},
   "outputs": [
    {
     "data": {
      "text/plain": [
       "torch.Size([3, 800, 800])"
      ]
     },
     "execution_count": 107,
     "metadata": {},
     "output_type": "execute_result"
    }
   ],
   "source": [
    "nerf_chair_train_set[0][0].shape"
   ]
  },
  {
   "cell_type": "code",
   "execution_count": 108,
   "metadata": {},
   "outputs": [
    {
     "data": {
      "text/plain": [
       "torch.Size([4, 4])"
      ]
     },
     "execution_count": 108,
     "metadata": {},
     "output_type": "execute_result"
    }
   ],
   "source": [
    "nerf_chair_train_set[0][1].shape"
   ]
  },
  {
   "cell_type": "code",
   "execution_count": 109,
   "metadata": {},
   "outputs": [
    {
     "data": {
      "text/plain": [
       "tensor([[-0.9250,  0.2749, -0.2623, -1.0572],\n",
       "        [-0.3799, -0.6693,  0.6385,  2.5740],\n",
       "        [ 0.0000,  0.6903,  0.7235,  2.9166],\n",
       "        [ 0.0000,  0.0000,  0.0000,  1.0000]], device='mps:0')"
      ]
     },
     "execution_count": 109,
     "metadata": {},
     "output_type": "execute_result"
    }
   ],
   "source": [
    "# Each 4x4 matrix is a homogeneous transformation matrix that transforms a point in camera space to world space.\n",
    "# Top Left 3x3 matrix is the rotation matrix and the rightmost column is the translation vector.\n",
    "# The bottom row is always [0, 0, 0, 1] for 3D homogeneous transformations.\n",
    "nerf_chair_train_set[0][1]"
   ]
  },
  {
   "cell_type": "code",
   "execution_count": 110,
   "metadata": {},
   "outputs": [
    {
     "data": {
      "text/plain": [
       "['/Users/rickypramanick/Desktop/nerf/nerf_synthetic/chair/train/r_0.png',\n",
       " '/Users/rickypramanick/Desktop/nerf/nerf_synthetic/chair/train/r_1.png',\n",
       " '/Users/rickypramanick/Desktop/nerf/nerf_synthetic/chair/train/r_2.png',\n",
       " '/Users/rickypramanick/Desktop/nerf/nerf_synthetic/chair/train/r_3.png',\n",
       " '/Users/rickypramanick/Desktop/nerf/nerf_synthetic/chair/train/r_4.png',\n",
       " '/Users/rickypramanick/Desktop/nerf/nerf_synthetic/chair/train/r_5.png',\n",
       " '/Users/rickypramanick/Desktop/nerf/nerf_synthetic/chair/train/r_6.png',\n",
       " '/Users/rickypramanick/Desktop/nerf/nerf_synthetic/chair/train/r_7.png',\n",
       " '/Users/rickypramanick/Desktop/nerf/nerf_synthetic/chair/train/r_8.png',\n",
       " '/Users/rickypramanick/Desktop/nerf/nerf_synthetic/chair/train/r_9.png',\n",
       " '/Users/rickypramanick/Desktop/nerf/nerf_synthetic/chair/train/r_10.png',\n",
       " '/Users/rickypramanick/Desktop/nerf/nerf_synthetic/chair/train/r_11.png',\n",
       " '/Users/rickypramanick/Desktop/nerf/nerf_synthetic/chair/train/r_12.png',\n",
       " '/Users/rickypramanick/Desktop/nerf/nerf_synthetic/chair/train/r_13.png',\n",
       " '/Users/rickypramanick/Desktop/nerf/nerf_synthetic/chair/train/r_14.png',\n",
       " '/Users/rickypramanick/Desktop/nerf/nerf_synthetic/chair/train/r_15.png',\n",
       " '/Users/rickypramanick/Desktop/nerf/nerf_synthetic/chair/train/r_16.png',\n",
       " '/Users/rickypramanick/Desktop/nerf/nerf_synthetic/chair/train/r_17.png',\n",
       " '/Users/rickypramanick/Desktop/nerf/nerf_synthetic/chair/train/r_18.png',\n",
       " '/Users/rickypramanick/Desktop/nerf/nerf_synthetic/chair/train/r_19.png',\n",
       " '/Users/rickypramanick/Desktop/nerf/nerf_synthetic/chair/train/r_20.png',\n",
       " '/Users/rickypramanick/Desktop/nerf/nerf_synthetic/chair/train/r_21.png',\n",
       " '/Users/rickypramanick/Desktop/nerf/nerf_synthetic/chair/train/r_22.png',\n",
       " '/Users/rickypramanick/Desktop/nerf/nerf_synthetic/chair/train/r_23.png',\n",
       " '/Users/rickypramanick/Desktop/nerf/nerf_synthetic/chair/train/r_24.png',\n",
       " '/Users/rickypramanick/Desktop/nerf/nerf_synthetic/chair/train/r_25.png',\n",
       " '/Users/rickypramanick/Desktop/nerf/nerf_synthetic/chair/train/r_26.png',\n",
       " '/Users/rickypramanick/Desktop/nerf/nerf_synthetic/chair/train/r_27.png',\n",
       " '/Users/rickypramanick/Desktop/nerf/nerf_synthetic/chair/train/r_28.png',\n",
       " '/Users/rickypramanick/Desktop/nerf/nerf_synthetic/chair/train/r_29.png',\n",
       " '/Users/rickypramanick/Desktop/nerf/nerf_synthetic/chair/train/r_30.png',\n",
       " '/Users/rickypramanick/Desktop/nerf/nerf_synthetic/chair/train/r_31.png',\n",
       " '/Users/rickypramanick/Desktop/nerf/nerf_synthetic/chair/train/r_32.png',\n",
       " '/Users/rickypramanick/Desktop/nerf/nerf_synthetic/chair/train/r_33.png',\n",
       " '/Users/rickypramanick/Desktop/nerf/nerf_synthetic/chair/train/r_34.png',\n",
       " '/Users/rickypramanick/Desktop/nerf/nerf_synthetic/chair/train/r_35.png',\n",
       " '/Users/rickypramanick/Desktop/nerf/nerf_synthetic/chair/train/r_36.png',\n",
       " '/Users/rickypramanick/Desktop/nerf/nerf_synthetic/chair/train/r_37.png',\n",
       " '/Users/rickypramanick/Desktop/nerf/nerf_synthetic/chair/train/r_38.png',\n",
       " '/Users/rickypramanick/Desktop/nerf/nerf_synthetic/chair/train/r_39.png',\n",
       " '/Users/rickypramanick/Desktop/nerf/nerf_synthetic/chair/train/r_40.png',\n",
       " '/Users/rickypramanick/Desktop/nerf/nerf_synthetic/chair/train/r_41.png',\n",
       " '/Users/rickypramanick/Desktop/nerf/nerf_synthetic/chair/train/r_42.png',\n",
       " '/Users/rickypramanick/Desktop/nerf/nerf_synthetic/chair/train/r_43.png',\n",
       " '/Users/rickypramanick/Desktop/nerf/nerf_synthetic/chair/train/r_44.png',\n",
       " '/Users/rickypramanick/Desktop/nerf/nerf_synthetic/chair/train/r_45.png',\n",
       " '/Users/rickypramanick/Desktop/nerf/nerf_synthetic/chair/train/r_46.png',\n",
       " '/Users/rickypramanick/Desktop/nerf/nerf_synthetic/chair/train/r_47.png',\n",
       " '/Users/rickypramanick/Desktop/nerf/nerf_synthetic/chair/train/r_48.png',\n",
       " '/Users/rickypramanick/Desktop/nerf/nerf_synthetic/chair/train/r_49.png',\n",
       " '/Users/rickypramanick/Desktop/nerf/nerf_synthetic/chair/train/r_50.png',\n",
       " '/Users/rickypramanick/Desktop/nerf/nerf_synthetic/chair/train/r_51.png',\n",
       " '/Users/rickypramanick/Desktop/nerf/nerf_synthetic/chair/train/r_52.png',\n",
       " '/Users/rickypramanick/Desktop/nerf/nerf_synthetic/chair/train/r_53.png',\n",
       " '/Users/rickypramanick/Desktop/nerf/nerf_synthetic/chair/train/r_54.png',\n",
       " '/Users/rickypramanick/Desktop/nerf/nerf_synthetic/chair/train/r_55.png',\n",
       " '/Users/rickypramanick/Desktop/nerf/nerf_synthetic/chair/train/r_56.png',\n",
       " '/Users/rickypramanick/Desktop/nerf/nerf_synthetic/chair/train/r_57.png',\n",
       " '/Users/rickypramanick/Desktop/nerf/nerf_synthetic/chair/train/r_58.png',\n",
       " '/Users/rickypramanick/Desktop/nerf/nerf_synthetic/chair/train/r_59.png',\n",
       " '/Users/rickypramanick/Desktop/nerf/nerf_synthetic/chair/train/r_60.png',\n",
       " '/Users/rickypramanick/Desktop/nerf/nerf_synthetic/chair/train/r_61.png',\n",
       " '/Users/rickypramanick/Desktop/nerf/nerf_synthetic/chair/train/r_62.png',\n",
       " '/Users/rickypramanick/Desktop/nerf/nerf_synthetic/chair/train/r_63.png',\n",
       " '/Users/rickypramanick/Desktop/nerf/nerf_synthetic/chair/train/r_64.png',\n",
       " '/Users/rickypramanick/Desktop/nerf/nerf_synthetic/chair/train/r_65.png',\n",
       " '/Users/rickypramanick/Desktop/nerf/nerf_synthetic/chair/train/r_66.png',\n",
       " '/Users/rickypramanick/Desktop/nerf/nerf_synthetic/chair/train/r_67.png',\n",
       " '/Users/rickypramanick/Desktop/nerf/nerf_synthetic/chair/train/r_68.png',\n",
       " '/Users/rickypramanick/Desktop/nerf/nerf_synthetic/chair/train/r_69.png',\n",
       " '/Users/rickypramanick/Desktop/nerf/nerf_synthetic/chair/train/r_70.png',\n",
       " '/Users/rickypramanick/Desktop/nerf/nerf_synthetic/chair/train/r_71.png',\n",
       " '/Users/rickypramanick/Desktop/nerf/nerf_synthetic/chair/train/r_72.png',\n",
       " '/Users/rickypramanick/Desktop/nerf/nerf_synthetic/chair/train/r_73.png',\n",
       " '/Users/rickypramanick/Desktop/nerf/nerf_synthetic/chair/train/r_74.png',\n",
       " '/Users/rickypramanick/Desktop/nerf/nerf_synthetic/chair/train/r_75.png',\n",
       " '/Users/rickypramanick/Desktop/nerf/nerf_synthetic/chair/train/r_76.png',\n",
       " '/Users/rickypramanick/Desktop/nerf/nerf_synthetic/chair/train/r_77.png',\n",
       " '/Users/rickypramanick/Desktop/nerf/nerf_synthetic/chair/train/r_78.png',\n",
       " '/Users/rickypramanick/Desktop/nerf/nerf_synthetic/chair/train/r_79.png',\n",
       " '/Users/rickypramanick/Desktop/nerf/nerf_synthetic/chair/train/r_80.png',\n",
       " '/Users/rickypramanick/Desktop/nerf/nerf_synthetic/chair/train/r_81.png',\n",
       " '/Users/rickypramanick/Desktop/nerf/nerf_synthetic/chair/train/r_82.png',\n",
       " '/Users/rickypramanick/Desktop/nerf/nerf_synthetic/chair/train/r_83.png',\n",
       " '/Users/rickypramanick/Desktop/nerf/nerf_synthetic/chair/train/r_84.png',\n",
       " '/Users/rickypramanick/Desktop/nerf/nerf_synthetic/chair/train/r_85.png',\n",
       " '/Users/rickypramanick/Desktop/nerf/nerf_synthetic/chair/train/r_86.png',\n",
       " '/Users/rickypramanick/Desktop/nerf/nerf_synthetic/chair/train/r_87.png',\n",
       " '/Users/rickypramanick/Desktop/nerf/nerf_synthetic/chair/train/r_88.png',\n",
       " '/Users/rickypramanick/Desktop/nerf/nerf_synthetic/chair/train/r_89.png',\n",
       " '/Users/rickypramanick/Desktop/nerf/nerf_synthetic/chair/train/r_90.png',\n",
       " '/Users/rickypramanick/Desktop/nerf/nerf_synthetic/chair/train/r_91.png',\n",
       " '/Users/rickypramanick/Desktop/nerf/nerf_synthetic/chair/train/r_92.png',\n",
       " '/Users/rickypramanick/Desktop/nerf/nerf_synthetic/chair/train/r_93.png',\n",
       " '/Users/rickypramanick/Desktop/nerf/nerf_synthetic/chair/train/r_94.png',\n",
       " '/Users/rickypramanick/Desktop/nerf/nerf_synthetic/chair/train/r_95.png',\n",
       " '/Users/rickypramanick/Desktop/nerf/nerf_synthetic/chair/train/r_96.png',\n",
       " '/Users/rickypramanick/Desktop/nerf/nerf_synthetic/chair/train/r_97.png',\n",
       " '/Users/rickypramanick/Desktop/nerf/nerf_synthetic/chair/train/r_98.png',\n",
       " '/Users/rickypramanick/Desktop/nerf/nerf_synthetic/chair/train/r_99.png']"
      ]
     },
     "execution_count": 110,
     "metadata": {},
     "output_type": "execute_result"
    }
   ],
   "source": [
    "nerf_chair_train_set.image_paths"
   ]
  },
  {
   "cell_type": "code",
   "execution_count": 111,
   "metadata": {},
   "outputs": [
    {
     "data": {
      "text/plain": [
       "[array([[-0.925014  ,  0.27488998, -0.26226836, -1.0572376 ],\n",
       "        [-0.37993318, -0.6692679 ,  0.63853836,  2.5740304 ],\n",
       "        [ 0.        ,  0.6903013 ,  0.72352195,  2.9166102 ],\n",
       "        [ 0.        ,  0.        ,  0.        ,  1.        ]],\n",
       "       dtype=float32),\n",
       " array([[ 6.8581498e-01, -7.2490275e-01,  6.4605363e-02,  2.6043257e-01],\n",
       "        [ 7.2777599e-01,  6.8310744e-01, -6.0880452e-02, -2.4541697e-01],\n",
       "        [ 3.7252903e-09,  8.8770814e-02,  9.9605203e-01,  4.0152144e+00],\n",
       "        [ 0.0000000e+00,  0.0000000e+00,  0.0000000e+00,  1.0000000e+00]],\n",
       "       dtype=float32),\n",
       " array([[ 0.3260958 ,  0.14048941, -0.9348391 , -3.7684572 ],\n",
       "        [-0.9453368 ,  0.0484621 , -0.32247463, -1.2999368 ],\n",
       "        [ 0.        ,  0.98889536,  0.1486131 ,  0.59907854],\n",
       "        [ 0.        ,  0.        ,  0.        ,  1.        ]],\n",
       "       dtype=float32),\n",
       " array([[-0.90634435, -0.15694898,  0.39230973,  1.581451  ],\n",
       "        [ 0.4225398 , -0.33665425,  0.84150106,  3.3921993 ],\n",
       "        [ 0.        ,  0.92845625,  0.3714419 ,  1.4973302 ],\n",
       "        [ 0.        ,  0.        ,  0.        ,  1.        ]],\n",
       "       dtype=float32),\n",
       " array([[ 8.5910648e-01, -4.5389175e-01,  2.3647076e-01,  9.5324415e-01],\n",
       "        [ 5.1179695e-01,  7.6190633e-01, -3.9694169e-01, -1.6001233e+00],\n",
       "        [-1.4901161e-08,  4.6204016e-01,  8.8685888e-01,  3.5750427e+00],\n",
       "        [ 0.0000000e+00,  0.0000000e+00,  0.0000000e+00,  1.0000000e+00]],\n",
       "       dtype=float32),\n",
       " array([[ 0.46262366, -0.4831504 ,  0.74333376,  2.9964743 ],\n",
       "        [ 0.88655484,  0.2521184 , -0.38788775, -1.5636256 ],\n",
       "        [ 0.        ,  0.8384521 ,  0.5449752 ,  2.1968653 ],\n",
       "        [ 0.        ,  0.        ,  0.        ,  1.        ]],\n",
       "       dtype=float32),\n",
       " array([[-0.06443945, -0.26465365,  0.96218807,  3.8787043 ],\n",
       "        [ 0.9979217 , -0.01708965,  0.062132  ,  0.2504621 ],\n",
       "        [ 0.        ,  0.96419203,  0.26520485,  1.0690751 ],\n",
       "        [ 0.        ,  0.        ,  0.        ,  1.        ]],\n",
       "       dtype=float32),\n",
       " array([[-9.9584311e-01, -6.0012978e-02,  6.8519749e-02,  2.7621195e-01],\n",
       "        [ 9.1085196e-02, -6.5612763e-01,  7.4913293e-01,  3.0198514e+00],\n",
       "        [ 3.7252899e-09,  7.5226003e-01,  6.5886641e-01,  2.6559753e+00],\n",
       "        [ 0.0000000e+00,  0.0000000e+00,  0.0000000e+00,  1.0000000e+00]],\n",
       "       dtype=float32),\n",
       " array([[ 9.0129286e-01,  1.8108687e-01, -3.9354631e-01, -1.5864359e+00],\n",
       "        [-4.3321028e-01,  3.7675074e-01, -8.1877208e-01, -3.3005757e+00],\n",
       "        [-1.4901161e-08,  9.0844172e-01,  4.1801146e-01,  1.6850581e+00],\n",
       "        [ 0.0000000e+00,  0.0000000e+00,  0.0000000e+00,  1.0000000e+00]],\n",
       "       dtype=float32),\n",
       " array([[-8.5079861e-01,  2.0614278e-01, -4.8337030e-01, -1.9485281e+00],\n",
       "        [-5.2549189e-01, -3.3375585e-01,  7.8260159e-01,  3.1547680e+00],\n",
       "        [ 1.4901161e-08,  9.1984361e-01,  3.9228538e-01,  1.5813529e+00],\n",
       "        [ 0.0000000e+00,  0.0000000e+00,  0.0000000e+00,  1.0000000e+00]],\n",
       "       dtype=float32),\n",
       " array([[-0.99647236,  0.02913835, -0.0787014 , -0.3172555 ],\n",
       "        [-0.08392232, -0.34598145,  0.9344805 ,  3.7670114 ],\n",
       "        [ 0.        ,  0.9377887 ,  0.3472063 ,  1.3996333 ],\n",
       "        [ 0.        ,  0.        ,  0.        ,  1.        ]],\n",
       "       dtype=float32),\n",
       " array([[-6.0598952e-01,  3.1788221e-01, -7.2919655e-01, -2.9394853e+00],\n",
       "        [-7.9547262e-01, -2.4216205e-01,  5.5550051e-01,  2.2392941e+00],\n",
       "        [-1.4901161e-08,  9.1668338e-01,  3.9961424e-01,  1.6108966e+00],\n",
       "        [ 0.0000000e+00,  0.0000000e+00,  0.0000000e+00,  1.0000000e+00]],\n",
       "       dtype=float32),\n",
       " array([[-0.51133454, -0.5388403 ,  0.66946846,  2.6987138 ],\n",
       "        [ 0.8593818 , -0.32061148,  0.3983356 ,  1.6057422 ],\n",
       "        [ 0.        ,  0.7790117 ,  0.62700933,  2.5275555 ],\n",
       "        [ 0.        ,  0.        ,  0.        ,  1.        ]],\n",
       "       dtype=float32),\n",
       " array([[-4.0276709e-01, -3.7720945e-01,  8.3396143e-01,  3.3618062e+00],\n",
       "        [ 9.1530263e-01, -1.6598614e-01,  3.6697397e-01,  1.4793193e+00],\n",
       "        [-1.4901165e-08,  9.1113204e-01,  4.1211447e-01,  1.6612866e+00],\n",
       "        [ 0.0000000e+00,  0.0000000e+00,  0.0000000e+00,  1.0000000e+00]],\n",
       "       dtype=float32),\n",
       " array([[ 0.74547076, -0.357352  ,  0.56264806,  2.268107  ],\n",
       "        [ 0.66653824,  0.39967018, -0.6292777 , -2.5366995 ],\n",
       "        [ 0.        ,  0.84413457,  0.5361312 ,  2.161214  ],\n",
       "        [ 0.        ,  0.        ,  0.        ,  1.        ]],\n",
       "       dtype=float32),\n",
       " array([[-8.8234937e-01,  4.6879974e-01, -4.1064963e-02, -1.6553816e-01],\n",
       "        [-4.7059488e-01, -8.7898356e-01,  7.6995410e-02,  3.1037843e-01],\n",
       "        [ 3.7252903e-09,  8.7261677e-02,  9.9618542e-01,  4.0157518e+00],\n",
       "        [ 0.0000000e+00,  0.0000000e+00,  0.0000000e+00,  1.0000000e+00]],\n",
       "       dtype=float32),\n",
       " array([[-2.6576719e-01,  6.5542096e-01, -7.0695907e-01, -2.8498433e+00],\n",
       "        [-9.6403730e-01, -1.8068741e-01,  1.9489551e-01,  7.8564894e-01],\n",
       "        [-1.4901163e-08,  7.3333168e-01,  6.7987096e-01,  2.7406476e+00],\n",
       "        [ 0.0000000e+00,  0.0000000e+00,  0.0000000e+00,  1.0000000e+00]],\n",
       "       dtype=float32),\n",
       " array([[-9.5166910e-01, -7.1771577e-02,  2.9862139e-01,  1.2037814e+00],\n",
       "        [ 3.0712521e-01, -2.2239394e-01,  9.2531884e-01,  3.7300797e+00],\n",
       "        [-7.4505806e-09,  9.7231156e-01,  2.3368831e-01,  9.4202769e-01],\n",
       "        [ 0.0000000e+00,  0.0000000e+00,  0.0000000e+00,  1.0000000e+00]],\n",
       "       dtype=float32),\n",
       " array([[ 0.33449805, -0.31323996,  0.8888148 ,  3.582927  ],\n",
       "        [ 0.9423965 ,  0.11118267, -0.31547955, -1.2717388 ],\n",
       "        [ 0.        ,  0.94314325,  0.33238658,  1.3398932 ],\n",
       "        [ 0.        ,  0.        ,  0.        ,  1.        ]],\n",
       "       dtype=float32),\n",
       " array([[ 3.60750914e-01, -8.95207644e-01,  2.61652231e-01,\n",
       "          1.05475390e+00],\n",
       "        [ 9.32662308e-01,  3.46263587e-01, -1.01206295e-01,\n",
       "         -4.07975614e-01],\n",
       "        [ 7.45058149e-09,  2.80543566e-01,  9.59841371e-01,\n",
       "          3.86924434e+00],\n",
       "        [ 0.00000000e+00,  0.00000000e+00,  0.00000000e+00,\n",
       "          1.00000000e+00]], dtype=float32),\n",
       " array([[-9.5635056e-01,  1.4463519e-01, -2.5391802e-01, -1.0235763e+00],\n",
       "        [-2.9222202e-01, -4.7334534e-01,  8.3099365e-01,  3.3498425e+00],\n",
       "        [ 7.4505815e-09,  8.6892158e-01,  4.9494967e-01,  1.9952059e+00],\n",
       "        [ 0.0000000e+00,  0.0000000e+00,  0.0000000e+00,  1.0000000e+00]],\n",
       "       dtype=float32),\n",
       " array([[-0.71706283, -0.4431157 ,  0.5380236 ,  2.1688426 ],\n",
       "        [ 0.6970086 , -0.45586497,  0.5535035 ,  2.231244  ],\n",
       "        [ 0.        ,  0.7719039 ,  0.63573927,  2.562747  ],\n",
       "        [ 0.        ,  0.        ,  0.        ,  1.        ]],\n",
       "       dtype=float32),\n",
       " array([[ 8.4571445e-01, -5.2874416e-01,  7.2087258e-02,  2.9059303e-01],\n",
       "        [ 5.3363562e-01,  8.3796239e-01, -1.1424506e-01, -4.6053657e-01],\n",
       "        [-3.7252901e-09,  1.3508742e-01,  9.9083376e-01,  3.9941785e+00],\n",
       "        [ 0.0000000e+00,  0.0000000e+00,  0.0000000e+00,  1.0000000e+00]],\n",
       "       dtype=float32),\n",
       " array([[-0.78894144,  0.1500083 , -0.5958766 , -2.4020553 ],\n",
       "        [-0.6144684 , -0.19260187,  0.7650706 ,  3.0840983 ],\n",
       "        [ 0.        ,  0.96974325,  0.24412696,  0.98410726],\n",
       "        [ 0.        ,  0.        ,  0.        ,  1.        ]],\n",
       "       dtype=float32),\n",
       " array([[ 6.9778204e-01,  2.0249580e-01, -6.8709219e-01, -2.7697573e+00],\n",
       "        [-7.1631014e-01,  1.9725804e-01, -6.6931981e-01, -2.6981144e+00],\n",
       "        [ 1.4901161e-08,  9.5921052e-01,  2.8269291e-01,  1.1395715e+00],\n",
       "        [ 0.0000000e+00,  0.0000000e+00,  0.0000000e+00,  1.0000000e+00]],\n",
       "       dtype=float32),\n",
       " array([[ 2.3536924e-01,  5.2344173e-01, -8.1890792e-01, -3.3011234e+00],\n",
       "        [-9.7190607e-01,  1.2676336e-01, -1.9831724e-01, -7.9944241e-01],\n",
       "        [-7.4505806e-09,  8.4257931e-01,  5.3857231e-01,  2.1710544e+00],\n",
       "        [ 0.0000000e+00,  0.0000000e+00,  0.0000000e+00,  1.0000000e+00]],\n",
       "       dtype=float32),\n",
       " array([[ 9.8300451e-01,  4.5349300e-02, -1.7789188e-01, -7.1710509e-01],\n",
       "        [-1.8358123e-01,  2.4282745e-01, -9.5254016e-01, -3.8398123e+00],\n",
       "        [ 3.7252903e-09,  9.6900880e-01,  2.4702577e-01,  9.9579275e-01],\n",
       "        [ 0.0000000e+00,  0.0000000e+00,  0.0000000e+00,  1.0000000e+00]],\n",
       "       dtype=float32),\n",
       " array([[-9.0584123e-01, -2.9972714e-01,  2.9935813e-01,  1.2067512e+00],\n",
       "        [ 4.2361730e-01, -6.4092094e-01,  6.4013183e-01,  2.5804539e+00],\n",
       "        [ 1.4901159e-08,  7.0667118e-01,  7.0754218e-01,  2.8521938e+00],\n",
       "        [ 0.0000000e+00,  0.0000000e+00,  0.0000000e+00,  1.0000000e+00]],\n",
       "       dtype=float32),\n",
       " array([[ 0.06830453,  0.3064653 , -0.94942796, -3.8272667 ],\n",
       "        [-0.9976646 ,  0.02098197, -0.06500203, -0.2620316 ],\n",
       "        [ 0.        ,  0.9516506 ,  0.30718267,  1.238293  ],\n",
       "        [ 0.        ,  0.        ,  0.        ,  1.        ]],\n",
       "       dtype=float32),\n",
       " array([[-9.6773887e-01,  1.3984634e-01, -2.0958179e-01, -8.4485126e-01],\n",
       "        [-2.5195542e-01, -5.3713769e-01,  8.0498546e-01,  3.2450001e+00],\n",
       "        [-7.4505806e-09,  8.3182102e-01,  5.5504400e-01,  2.2374539e+00],\n",
       "        [ 0.0000000e+00,  0.0000000e+00,  0.0000000e+00,  1.0000000e+00]],\n",
       "       dtype=float32),\n",
       " array([[-8.54551852e-01,  3.33799034e-01, -3.97893488e-01,\n",
       "         -1.60395992e+00],\n",
       "        [-5.19365907e-01, -5.49224675e-01,  6.54684126e-01,\n",
       "          2.63911605e+00],\n",
       "        [ 1.49011585e-08,  7.66113937e-01,  6.42704844e-01,\n",
       "          2.59082603e+00],\n",
       "        [ 0.00000000e+00,  0.00000000e+00,  0.00000000e+00,\n",
       "          1.00000000e+00]], dtype=float32),\n",
       " array([[ 0.9962547 ,  0.02598673, -0.08247015, -0.33244783],\n",
       "        [-0.08646755,  0.2994117 , -0.95019776, -3.83037   ],\n",
       "        [ 0.        ,  0.9537699 ,  0.30053732,  1.2115048 ],\n",
       "        [ 0.        ,  0.        ,  0.        ,  1.        ]],\n",
       "       dtype=float32),\n",
       " array([[ 0.9925858 , -0.01750147,  0.12028005,  0.48486438],\n",
       "        [ 0.12154667,  0.14292215, -0.98224217, -3.959545  ],\n",
       "        [ 0.        ,  0.9895792 ,  0.14398973,  0.5804412 ],\n",
       "        [ 0.        ,  0.        ,  0.        ,  1.        ]],\n",
       "       dtype=float32),\n",
       " array([[-0.97457397, -0.15182096,  0.16479106,  0.66429394],\n",
       "        [ 0.22406632, -0.6603436 ,  0.71675694,  2.8893392 ],\n",
       "        [ 0.        ,  0.73545665,  0.67757183,  2.731379  ],\n",
       "        [ 0.        ,  0.        ,  0.        ,  1.        ]],\n",
       "       dtype=float32),\n",
       " array([[-8.4947497e-01,  1.0673805e-01, -5.1671970e-01, -2.0829637e+00],\n",
       "        [-5.2762890e-01, -1.7184675e-01,  8.3191133e-01,  3.3535419e+00],\n",
       "        [-7.4505806e-09,  9.7932410e-01,  2.0229758e-01,  8.1548762e-01],\n",
       "        [ 0.0000000e+00,  0.0000000e+00,  0.0000000e+00,  1.0000000e+00]],\n",
       "       dtype=float32),\n",
       " array([[-0.9998513 ,  0.01611357, -0.00615376, -0.02480661],\n",
       "        [-0.01724866, -0.9340541 ,  0.3567146 ,  1.4379627 ],\n",
       "        [ 0.        ,  0.3567677 ,  0.9341931 ,  3.765853  ],\n",
       "        [ 0.        ,  0.        ,  0.        ,  1.        ]],\n",
       "       dtype=float32),\n",
       " array([[-9.9139422e-01, -1.3035332e-01,  1.2060862e-02,  4.8618890e-02],\n",
       "        [ 1.3091010e-01, -9.8717773e-01,  9.1338016e-02,  3.6819533e-01],\n",
       "        [ 9.3132257e-10,  9.2131093e-02,  9.9574691e-01,  4.0139842e+00],\n",
       "        [ 0.0000000e+00,  0.0000000e+00,  0.0000000e+00,  1.0000000e+00]],\n",
       "       dtype=float32),\n",
       " array([[-0.7272385 , -0.40464684,  0.5544232 ,  2.2349517 ],\n",
       "        [ 0.6863849 , -0.42873138,  0.58742243,  2.3679757 ],\n",
       "        [ 0.        ,  0.80774397,  0.5895334 ,  2.3764853 ],\n",
       "        [ 0.        ,  0.        ,  0.        ,  1.        ]],\n",
       "       dtype=float32),\n",
       " array([[ 0.07142042,  0.83353704, -0.54782766, -2.208364  ],\n",
       "        [-0.99744636,  0.05968397, -0.03922625, -0.15812607],\n",
       "        [ 0.        ,  0.5492303 ,  0.83567107,  3.368698  ],\n",
       "        [ 0.        ,  0.        ,  0.        ,  1.        ]],\n",
       "       dtype=float32),\n",
       " array([[ 0.91307384, -0.38362673,  0.13829933,  0.55750245],\n",
       "        [ 0.40779433,  0.8589613 , -0.30965978, -1.2482785 ],\n",
       "        [ 0.        ,  0.33913982,  0.94073594,  3.7922277 ],\n",
       "        [ 0.        ,  0.        ,  0.        ,  1.        ]],\n",
       "       dtype=float32),\n",
       " array([[-7.1096724e-01,  5.5247617e-01, -4.3508118e-01, -1.7538683e+00],\n",
       "        [-7.0322514e-01, -5.5855864e-01,  4.3987119e-01,  1.7731775e+00],\n",
       "        [-1.4901161e-08,  6.1869395e-01,  7.8563201e-01,  3.1669838e+00],\n",
       "        [ 0.0000000e+00,  0.0000000e+00,  0.0000000e+00,  1.0000000e+00]],\n",
       "       dtype=float32),\n",
       " array([[ 0.98696816, -0.13101491,  0.09342881,  0.3766236 ],\n",
       "        [ 0.16091564,  0.8035735 , -0.57304096, -2.310002  ],\n",
       "        [ 0.        ,  0.5806073 ,  0.81418365,  3.2820792 ],\n",
       "        [ 0.        ,  0.        ,  0.        ,  1.        ]],\n",
       "       dtype=float32),\n",
       " array([[-7.7702904e-01,  3.2829455e-01, -5.3707421e-01, -2.1650155e+00],\n",
       "        [-6.2946486e-01, -4.0525591e-01,  6.6297936e-01,  2.6725552e+00],\n",
       "        [ 1.4901163e-08,  8.5322344e-01,  5.2154547e-01,  2.1024170e+00],\n",
       "        [ 0.0000000e+00,  0.0000000e+00,  0.0000000e+00,  1.0000000e+00]],\n",
       "       dtype=float32),\n",
       " array([[ 0.32901007, -0.63617545,  0.6978775 ,  2.8132343 ],\n",
       "        [ 0.9443264 ,  0.2216481 , -0.24314556, -0.98015106],\n",
       "        [ 0.        ,  0.7390216 ,  0.67368174,  2.715698  ],\n",
       "        [ 0.        ,  0.        ,  0.        ,  1.        ]],\n",
       "       dtype=float32),\n",
       " array([[-9.5776755e-01, -6.2642217e-02,  2.8063723e-01,  1.1312848e+00],\n",
       "        [ 2.8754357e-01, -2.0865248e-01,  9.3476349e-01,  3.7681522e+00],\n",
       "        [-3.7252903e-09,  9.7598159e-01,  2.1785294e-01,  8.7819326e-01],\n",
       "        [ 0.0000000e+00,  0.0000000e+00,  0.0000000e+00,  1.0000000e+00]],\n",
       "       dtype=float32),\n",
       " array([[-3.6228383e-03,  6.8216366e-01, -7.3119044e-01, -2.9475231e+00],\n",
       "        [-9.9999350e-01, -2.4713846e-03,  2.6490018e-03,  1.0678468e-02],\n",
       "        [-1.1641534e-10,  7.3119527e-01,  6.8216813e-01,  2.7499080e+00],\n",
       "        [ 0.0000000e+00,  0.0000000e+00,  0.0000000e+00,  1.0000000e+00]],\n",
       "       dtype=float32),\n",
       " array([[-7.9051101e-01, -2.9457065e-01,  5.3695482e-01,  2.1645339e+00],\n",
       "        [ 6.1244780e-01, -3.8021418e-01,  6.9306922e-01,  2.7938511e+00],\n",
       "        [-1.4901159e-08,  8.7673563e-01,  4.8097268e-01,  1.9388627e+00],\n",
       "        [ 0.0000000e+00,  0.0000000e+00,  0.0000000e+00,  1.0000000e+00]],\n",
       "       dtype=float32),\n",
       " array([[ 0.5895764 ,  0.68839806, -0.42250195, -1.7031598 ],\n",
       "        [-0.80771255,  0.50248474, -0.30839828, -1.2431933 ],\n",
       "        [ 0.        ,  0.5230844 ,  0.85228086,  3.435654  ],\n",
       "        [ 0.        ,  0.        ,  0.        ,  1.        ]],\n",
       "       dtype=float32),\n",
       " array([[-0.80875766,  0.55722713, -0.18817304, -0.7585498 ],\n",
       "        [-0.58814216, -0.76624614,  0.2587578 ,  1.043086  ],\n",
       "        [ 0.        ,  0.31994492,  0.94743615,  3.8192372 ],\n",
       "        [ 0.        ,  0.        ,  0.        ,  1.        ]],\n",
       "       dtype=float32),\n",
       " array([[-7.0801616e-01, -4.9161357e-01,  5.0698060e-01,  2.0437043e+00],\n",
       "        [ 7.0619631e-01, -4.9288040e-01,  5.0828707e-01,  2.0489707e+00],\n",
       "        [-1.4901161e-08,  7.1790320e-01,  6.9614291e-01,  2.8062418e+00],\n",
       "        [ 0.0000000e+00,  0.0000000e+00,  0.0000000e+00,  1.0000000e+00]],\n",
       "       dtype=float32),\n",
       " array([[ 3.1597406e-01, -1.4568168e-01,  9.3751651e-01,  3.7792499e+00],\n",
       "        [ 9.4876790e-01,  4.8517279e-02, -3.1222695e-01, -1.2586271e+00],\n",
       "        [-3.7252907e-09,  9.8814112e-01,  1.5354829e-01,  6.1897296e-01],\n",
       "        [ 0.0000000e+00,  0.0000000e+00,  0.0000000e+00,  1.0000000e+00]],\n",
       "       dtype=float32),\n",
       " array([[-0.9440658 , -0.17011535,  0.2824901 ,  1.138754  ],\n",
       "        [ 0.32975733, -0.48702505,  0.8087439 ,  3.260151  ],\n",
       "        [ 0.        ,  0.8566606 ,  0.51588047,  2.0795808 ],\n",
       "        [ 0.        ,  0.        ,  0.        ,  1.        ]],\n",
       "       dtype=float32),\n",
       " array([[ 0.40710783,  0.83290285, -0.37488133, -1.511195  ],\n",
       "        [-0.9133801 ,  0.3712379 , -0.1670905 , -0.67356336],\n",
       "        [ 0.        ,  0.41043296,  0.91189075,  3.675949  ],\n",
       "        [ 0.        ,  0.        ,  0.        ,  1.        ]],\n",
       "       dtype=float32),\n",
       " array([[-8.6677355e-01,  4.3801937e-01, -2.3841709e-01, -9.6109003e-01],\n",
       "        [-4.9870211e-01, -7.6130342e-01,  4.1438296e-01,  1.6704311e+00],\n",
       "        [ 1.4901165e-08,  4.7807530e-01,  8.7831885e-01,  3.5406165e+00],\n",
       "        [ 0.0000000e+00,  0.0000000e+00,  0.0000000e+00,  1.0000000e+00]],\n",
       "       dtype=float32),\n",
       " array([[-8.5639197e-01, -4.8219737e-01,  1.8460368e-01,  7.4416125e-01],\n",
       "        [ 5.1632625e-01, -7.9978490e-01,  3.0618837e-01,  1.2342849e+00],\n",
       "        [ 1.4901161e-08,  3.5753301e-01,  9.3390048e-01,  3.7646732e+00],\n",
       "        [ 0.0000000e+00,  0.0000000e+00,  0.0000000e+00,  1.0000000e+00]],\n",
       "       dtype=float32),\n",
       " array([[ 3.3969301e-01,  5.7987857e-01, -7.4050629e-01, -2.9850764e+00],\n",
       "        [-9.4053638e-01,  2.0943443e-01, -2.6744825e-01, -1.0781183e+00],\n",
       "        [ 1.4901159e-08,  7.8732347e-01,  6.1654025e-01,  2.4853532e+00],\n",
       "        [ 0.0000000e+00,  0.0000000e+00,  0.0000000e+00,  1.0000000e+00]],\n",
       "       dtype=float32),\n",
       " array([[ 8.1540400e-01,  1.4514177e-01, -5.6040180e-01, -2.2590518e+00],\n",
       "        [-5.7889235e-01,  2.0444073e-01, -7.8935903e-01, -3.1820080e+00],\n",
       "        [-1.4901161e-08,  9.6805882e-01,  2.5072324e-01,  1.0106977e+00],\n",
       "        [ 0.0000000e+00,  0.0000000e+00,  0.0000000e+00,  1.0000000e+00]],\n",
       "       dtype=float32),\n",
       " array([[-3.8771895e-01, -9.2151302e-01,  2.2083933e-02,  8.9023173e-02],\n",
       "        [ 9.2177761e-01, -3.8760766e-01,  9.2889639e-03,  3.7445009e-02],\n",
       "        [ 9.3132252e-10,  2.3955816e-02,  9.9971294e-01,  4.0299716e+00],\n",
       "        [ 0.0000000e+00,  0.0000000e+00,  0.0000000e+00,  1.0000000e+00]],\n",
       "       dtype=float32),\n",
       " array([[ 0.59035397,  0.76697874, -0.25144744, -1.013617  ],\n",
       "        [-0.80714446,  0.5609763 , -0.18391131, -0.7413702 ],\n",
       "        [ 0.        ,  0.31152713,  0.9502372 ,  3.8305287 ],\n",
       "        [ 0.        ,  0.        ,  0.        ,  1.        ]],\n",
       "       dtype=float32),\n",
       " array([[-0.4221814 ,  0.22305302, -0.8786411 , -3.5419157 ],\n",
       "        [-0.9065114 , -0.10388047,  0.40920162,  1.6495445 ],\n",
       "        [ 0.        ,  0.9692555 ,  0.24605651,  0.99188554],\n",
       "        [ 0.        ,  0.        ,  0.        ,  1.        ]],\n",
       "       dtype=float32),\n",
       " array([[-8.1081867e-01, -2.0059384e-01,  5.4985017e-01,  2.2165170e+00],\n",
       "        [ 5.8529741e-01, -2.7788475e-01,  7.6171321e-01,  3.0705640e+00],\n",
       "        [-1.4901160e-08,  9.3943721e-01,  3.4272119e-01,  1.3815533e+00],\n",
       "        [ 0.0000000e+00,  0.0000000e+00,  0.0000000e+00,  1.0000000e+00]],\n",
       "       dtype=float32),\n",
       " array([[ 0.97833693, -0.1739595 ,  0.11222725,  0.45240253],\n",
       "        [ 0.20701899,  0.8221033 , -0.53036714, -2.1379783 ],\n",
       "        [ 0.        ,  0.542111  ,  0.8403069 ,  3.3873854 ],\n",
       "        [ 0.        ,  0.        ,  0.        ,  1.        ]],\n",
       "       dtype=float32),\n",
       " array([[ 0.9602863 ,  0.15990311, -0.22865088, -0.9217212 ],\n",
       "        [-0.27901655,  0.55033565, -0.7869437 , -3.1722715 ],\n",
       "        [ 0.        ,  0.81948864,  0.5730954 ,  2.3102214 ],\n",
       "        [ 0.        ,  0.        ,  0.        ,  1.        ]],\n",
       "       dtype=float32),\n",
       " array([[ 8.1225389e-01,  4.4580278e-01, -3.7616950e-01, -1.5163878e+00],\n",
       "        [-5.8330399e-01,  6.2078273e-01, -5.2381802e-01, -2.1115780e+00],\n",
       "        [ 1.4901160e-08,  6.4489436e-01,  7.6427162e-01,  3.0808775e+00],\n",
       "        [ 0.0000000e+00,  0.0000000e+00,  0.0000000e+00,  1.0000000e+00]],\n",
       "       dtype=float32),\n",
       " array([[ 0.611825  , -0.7909645 ,  0.0067334 ,  0.02714321],\n",
       "        [ 0.7909932 ,  0.61180276, -0.00520822, -0.02099499],\n",
       "        [ 0.        ,  0.00851436,  0.99996376,  4.0309825 ],\n",
       "        [ 0.        ,  0.        ,  0.        ,  1.        ]],\n",
       "       dtype=float32),\n",
       " array([[ 6.8967664e-01,  7.1205652e-01, -1.3161190e-01, -5.3054452e-01],\n",
       "        [-7.2411758e-01,  6.7818922e-01, -1.2535208e-01, -5.0531042e-01],\n",
       "        [ 7.4505806e-09,  1.8175465e-01,  9.8334384e-01,  3.9639857e+00],\n",
       "        [ 0.0000000e+00,  0.0000000e+00,  0.0000000e+00,  1.0000000e+00]],\n",
       "       dtype=float32),\n",
       " array([[ 8.7727267e-01, -2.8429341e-01,  3.8674262e-01,  1.5590094e+00],\n",
       "        [ 4.7999224e-01,  5.1959765e-01, -7.0684206e-01, -2.8493714e+00],\n",
       "        [-1.4901160e-08,  8.0572671e-01,  5.9228742e-01,  2.3875871e+00],\n",
       "        [ 0.0000000e+00,  0.0000000e+00,  0.0000000e+00,  1.0000000e+00]],\n",
       "       dtype=float32),\n",
       " array([[ 6.8744707e-01,  3.4943980e-01, -6.3663834e-01, -2.5663712e+00],\n",
       "        [-7.2623450e-01,  3.3077657e-01, -6.0263616e-01, -2.4293041e+00],\n",
       "        [-1.4901161e-08,  8.7662923e-01,  4.8116654e-01,  1.9396443e+00],\n",
       "        [ 0.0000000e+00,  0.0000000e+00,  0.0000000e+00,  1.0000000e+00]],\n",
       "       dtype=float32),\n",
       " array([[-9.9610031e-01,  6.9922596e-02, -5.3806413e-02, -2.1690059e-01],\n",
       "        [-8.8228680e-02, -7.8942490e-01,  6.0747349e-01,  2.4488039e+00],\n",
